0,96 0,57 0,18 -0,21 -0,6 -0,45 -0,3 -0,15 0 0,15 0,3 0,45 0,6 0,21 -0,18 -0,57 -0,96 
0,96 0,57 0,18 -0,21 -0,6 -0,45 -0,3 -0,15 -0 0,15 0,3 0,45 0,6 0,21 -0,18 -0,57 -0,96 
0,96 0,57 0,18 -0,21 -0,6 -0,45 -0,3 -0,15 -0 0,15 0,3 0,45 0,6 0,21 -0,18 -0,57 -0,96 
0,96 0,57 0,18 -0,21 -0,6 -0,45 -0,3 -0,15 -0 0,15 0,3 0,45 0,6 0,21 -0,18 -0,57 -0,96 
0,96 0,57 0,18 -0,21 -0,6 -0,45 -0,3 -0,15 0 0,15 0,3 0,45 0,6 0,21 -0,18 -0,57 -0,96 
0,96 0,57 0,18 -0,21 -0,6 -0,45 -0,3 -0,15 -0 0,15 0,3 0,45 0,6 0,21 -0,18 -0,57 -0,96 
0,96 0,57 0,18 -0,21 -0,6 -0,45 -0,3 -0,15 -0 0,15 0,3 0,45 0,6 0,21 -0,18 -0,57 -0,96 
0,96 0,57 0,18 -0,21 -0,6 -0,45 -0,3 -0,15 -0 0,15 0,3 0,45 0,6 0,21 -0,18 -0,57 -0,96 
0,96 0,57 0,18 -0,21 -0,6 -0,45 -0,3 -0,15 0 0,15 0,3 0,45 0,6 0,21 -0,18 -0,57 -0,96 
0,96 0,57 0,18 -0,21 -0,6 -0,45 -0,3 -0,15 -0 0,15 0,3 0,45 0,6 0,21 -0,18 -0,57 -0,96 
0,96 0,57 0,18 -0,21 -0,6 -0,45 -0,3 -0,15 -0 0,15 0,3 0,45 0,6 0,21 -0,18 -0,57 -0,96 
0,96 0,57 0,18 -0,21 -0,6 -0,45 -0,3 -0,15 -0 0,15 0,3 0,45 0,6 0,21 -0,18 -0,57 -0,96 
0,96 0,57 0,18 -0,21 -0,6 -0,45 -0,3 -0,15 0 0,15 0,3 0,45 0,6 0,21 -0,18 -0,57 -0,96 
0,96 0,57 0,18 -0,21 -0,6 -0,45 -0,3 -0,15 -0 0,15 0,3 0,45 0,6 0,21 -0,18 -0,57 -0,96 
0,96 0,57 0,18 -0,21 -0,6 -0,45 -0,3 -0,15 -0 0,15 0,3 0,45 0,6 0,21 -0,18 -0,57 -0,96 
0,96 0,57 0,18 -0,21 -0,6 -0,45 -0,3 -0,15 -0 0,15 0,3 0,45 0,6 0,21 -0,18 -0,57 -0,96 
0,96 0,57 0,18 -0,21 -0,6 -0,45 -0,3 -0,15 0 0,15 0,3 0,45 0,6 0,21 -0,18 -0,57 -0,96 
